"k4" "k27" "trans" "naive" "logtpm"
58.3097354497354 75.3192592592593 115.407328518173 0.717778087385096 -0.143949302932365
52.1517989417989 56.6007936507936 94.6413113153193 1.69938972763714 0.230318543885839
48.7590476190476 57.2460317460317 87.8736698822387 1.23935439020437 0.0932305501058506
47.080582010582 53.6292063492063 82.2743001360023 1.48919312910769 0.172980185881683
48.217037037037 51.4993650793651 77.9620732880456 1.27152835427177 0.104360203079223
45.3832804232804 50.1893650793651 75.1068630687329 12.8050737100681 1.10738547431654
45.9394708994709 47.4583068783069 72.2427289964089 1.00690742506567 0.00303267279111403
45.2121693121693 45.6222751322751 69.7258550010765 1.20429333670462 0.0807683441170248
42.5396296296296 52.014708994709 67.7060874672753 1.67385570227381 0.223743961116862
42.2538624338624 46.5621693121693 65.6514557625943 3.92923751442369 0.594319334578221
43.8973015873016 45.0466137566138 63.6323601503441 3.36859373987873 0.527461529495044
44.5175132275132 39.008253968254 61.9289488904747 2.2809289328531 0.358130793956507
42.6355555555556 42.118835978836 60.3414691449658 2.59648890881272 0.414403197697757
42.1173015873016 42.0614814814815 58.803809549427 2.22169952586401 0.346704869753877
43.642328042328 38.3847619047619 57.3404423485203 14.7327606733361 1.16828708180671
39.4297354497354 46.8257671957672 55.9963671160276 3.98942220331205 0.600920886441079
46.8853968253968 37.2706878306878 54.9520467702514 3.3870086279788 0.529829125128618
41.4029100529101 36.6484126984127 53.6182589779696 2.11155756022512 0.324623491625682
40.2586243386243 42.6706878306878 52.4447262776352 20.2267440977839 1.30592812706958
42.3688888888889 35.818253968254 51.3481107734871 14.9538515328073 1.17475596872283
42.566455026455 37.4495238095238 50.3534732359789 3.48421983434111 0.54211801313074
41.7868253968254 36.302328042328 49.4117517057301 33.9736701269479 1.53114374394029
43.475873015873 32.9033333333333 48.4918539584209 10.0445608938279 1.00193527961834
43.019417989418 31.9016402116402 47.4050979103554 11.22437890497 1.05016618807633
43.3332275132275 34.4248677248677 46.4637192793252 5.10589584460693 0.708080457028158
46.8566666666667 30.7207936507936 45.6197966598223 8.29080586234442 0.918601984051452
43.1916402116402 32.0756613756614 44.8230270376025 35.3534213869767 1.54843267818288
41.2819576719577 34.3295238095238 44.0471360843011 33.2108019150518 1.52128066997994
43.7973544973545 31.0413756613757 43.2811812693316 36.4150397590169 1.5612819810884
40.7837037037037 36.3782010582011 42.5151140845055 4.33831785073998 0.637331378367727
42.0907407407407 32.7422751322751 41.7840283699765 21.7354821111047 1.33717127573253
51.4928042328042 28.5125925925926 41.1537193949729 7.48122947017548 0.873978781053794
45.4714814814815 30.3235978835979 40.5237503717932 65.4857769196048 1.81614764751487
43.8606349206349 30.9179894179894 39.7006861014209 6.59201118434498 0.819024523680001
40.9506349206349 32.0039682539683 39.0889508860847 8.4498219523794 0.926852697611528
45.0732804232804 28.5287301587302 38.5499509343145 7.93838008602279 0.899737359676441
43.6624338624339 25.58 37.8870219003397 20.8275000047845 1.31863922843409
41.762380952381 27.5353439153439 37.2858820538525 10.9842570133575 1.04077463988888
47.6325925925926 23.9221693121693 36.607376438378 26.2380141588792 1.41893261729567
44.6790476190476 24.7620634920635 36.0850045417132 9.97498752176482 0.99891671489039
42.3096296296296 25.9088888888889 35.5128987520515 47.7043901682355 1.67855925877828
46.5357671957672 27.399417989418 34.9635020272369 10.9870681891095 1.04088577264932
44.0190476190476 24.8078835978836 34.4239843095569 15.1360195959699 1.18001455058947
50.1489947089947 23.2407407407407 33.9092827182226 17.0030094981528 1.23052835163703
46.492380952381 25.132962962963 33.3493354680501 20.1073357519325 1.30335668970203
50.3382010582011 22.2729100529101 32.9261564085371 39.4569080104673 1.59612415000363
41.9045502645503 24.9926455026455 32.4923408821161 38.8156511791769 1.5890079952351
42.7924338624339 23.3275661375661 31.9772610004189 9.80078078657278 0.991265106667961
48.7414814814815 20.5457671957672 31.5589562941216 10.3819808129866 1.01628440505694
47.6857671957672 22.7867724867725 31.160722724007 30.004153990274 1.4771828331706
44.6459259259259 22.4040740740741 30.7779822637931 38.8048518607757 1.58888714901143
44.3584126984127 24.2858201058201 30.3244157951265 36.6307480594089 1.56384697335355
45.2934920634921 21.6706878306878 29.9155909532139 9.0555565723701 0.956919943928921
46.0254497354497 22.7932804232804 29.4692303287229 29.9443567290737 1.47631643825156
46.0986772486772 22.8834920634921 29.0562613308281 12.766603364141 1.10607876761614
43.8747619047619 21.1379894179894 28.6798798507083 29.1325348092036 1.46437976479763
49.6642328042328 16.610582010582 28.3915787900086 16.369945325757 1.21404988189813
43.6064021164021 21.3955026455026 28.0436453918843 36.6815048730463 1.56444832842276
47.1665079365079 18.7344973544974 27.5898378194307 42.1070684461409 1.62435603767857
48.0937566137566 18.514126984127 27.2122666863226 22.8339528516283 1.35858300193635
47.4183068783069 19.8677248677249 26.8747929045256 43.2108381319331 1.63559369517258
51.304126984127 17.0351322751323 26.5177811857732 12.6687303742212 1.10273652131839
45.9253439153439 20.3934391534392 26.0913536852736 36.1662854187461 1.55830510618669
40.7481481481481 26.6947619047619 25.7522248482354 28.0480365522058 1.44790401311528
49.0702645502646 19.9348677248677 25.4261513653529 46.471622613564 1.66718877120276
46.8213756613757 17.2616931216931 25.1029663327962 31.0322390647008 1.4918145117945
45.2839682539683 23.4251851851852 24.8240175642724 12.7182285474426 1.10443003974638
45.7928571428571 20.7380952380952 24.5263832660453 53.9102817905417 1.73167240749064
50.5298941798942 16.9726455026455 24.1792028962606 81.2133922907227 1.90962818614563
47.1745502645503 17.5868253968254 23.8611178701529 26.2784234981633 1.41960096002723
45.5843915343915 19.7142857142857 23.542818820094 38.5249389632229 1.58574308662483
48.838253968254 19.0644973544974 23.260653954363 20.0436400632269 1.30197876196915
45.3140740740741 21.0126984126984 23.029768752298 28.7496999824053 1.45863482757035
45.2185714285714 18.072328042328 22.7546411483797 24.9655371298846 1.39734265384646
47.3637566137566 17.4438095238095 22.4676524436428 39.047887189542 1.59159865216967
48.9464021164021 16.8368253968254 22.2129127312169 26.1301264564407 1.41714317353737
47.0722222222222 17.4995238095238 21.9492713074365 71.860995215907 1.85649383188617
49.3838095238095 14.8622222222222 21.6825775030251 72.8294243455427 1.86230747355745
43.596455026455 18.9242328042328 21.4024104848892 41.1046555482855 1.61389206978125
43.1482010582011 17.8292063492063 21.0981798516605 57.8374821501092 1.76221012936231
45.5061904761905 20.5831746031746 20.8600281304545 61.4991095676283 1.78886953394414
45.8200529100529 16.287671957672 20.591389042045 16.5756507366944 1.21947320726808
44.9979894179894 19.3267724867725 20.3629798015453 10.4869739096283 1.02065432878728
45.5476190476191 19.871164021164 20.1049042483977 31.1362818661387 1.49326814494167
48.8462962962963 15.4507407407407 19.8462957045813 27.3741250098582 1.43734183273561
44.2513756613757 18.0620634920635 19.580271674087 34.0535132804682 1.53216319978813
45.732328042328 19.1771428571429 19.30876497395 36.6152185979053 1.5636628173807
47.7660317460318 13.8684126984127 19.0667673265753 33.6119064160458 1.52649443777174
43.0153439153439 20.2459259259259 18.808993726266 29.0766398274075 1.46354571049718
41.3615873015873 15.9551322751323 18.5980052418343 38.0253854453402 1.58007476710076
44.8425925925926 17.9917989417989 18.3596878218861 22.3151376266489 1.34860151584125
39.9548677248677 21.0925925925926 18.1503320700583 25.1471848503443 1.4004911011944
44.7059259259259 16.0369312169312 17.8812149021511 26.6745290023247 1.42609838785794
43.1971957671958 16.2183068783069 17.6302273646095 31.3292653827492 1.49595159776835
42.1782010582011 15.3653968253968 17.3927652613884 14.7694907700343 1.16936846221932
41.5033862433862 21.5390476190476 17.1507187044967 20.2049792166674 1.30546055749057
35.065291005291 44.879417989418 16.9488211162442 33.396321480723 1.52369993344518
40.7926455026455 16.780582010582 16.7120803749669 21.5592973688678 1.33363661722745
43.5861904761905 15.476455026455 16.4589750463754 22.6319819702683 1.35472450740628
39.1506349206349 16.0113756613757 16.2499629676727 26.9572176884966 1.43067667677135
40.777619047619 15.6607936507937 16.0263991442112 13.5744346111087 1.1327249491786
40.5977248677249 17.608253968254 15.7693666602852 19.8396678586288 1.2975365862503
39.7735978835979 19.1991534391534 15.4759413986449 40.9184489224453 1.61192022410784
40.2873015873016 16.5358201058201 15.2091023962594 29.6043774917782 1.47135740034658
39.4614285714286 17.7489417989418 14.9590761385961 44.8887191266507 1.65213818072968
36.5424867724868 17.4336507936508 14.6830807871838 20.7054712125329 1.31608721605207
40.0657671957672 17.0138624338624 14.4203085277152 22.601494180502 1.35413907274819
33.7392063492063 21.6329100529101 14.1664113030929 47.337570403103 1.67520688147706
36.980582010582 16.9886243386243 13.9290608561487 34.8937153684332 1.54274845878213
36.7335978835979 18.418253968254 13.6952231263615 39.6010066518504 1.5977073224426
37.0464021164021 19.5201058201058 13.4508659015953 16.8630990441795 1.22693996622257
33.3086243386243 21.2580952380952 13.131288095874 14.5740935028858 1.16358453139418
33.2507936507937 18.0518518518519 12.8186837003633 41.7180752703583 1.6203253043723
32.7898941798942 20.3332275132275 12.5473298338489 11.313298062837 1.05359306808101
33.3234920634921 19.9814814814815 12.2498594004295 10.5435461059563 1.02299082054188
34.2752380952381 17.3443915343915 11.9751535118237 9.35684776987993 0.971134205268594
30.8575661375661 18.6824338624339 11.7516868110527 25.6847166873074 1.40967647050906
32.2039682539683 18.4243915343915 11.4803777742404 22.2906074117806 1.34812385134958
28.6325925925926 20.2758201058201 11.2172521186912 16.5773035946324 1.21951651096553
26.3175661375661 20.8135978835979 10.916630506589 538.028060330839 2.73080500718355
28.0128571428571 21.347671957672 10.6129720574851 34.0007542867758 1.53148982902378
27.9692592592593 24.7343915343915 10.3258073450187 16.6434508361855 1.22124598686146
27.622328042328 22.1596825396825 10.0176943051473 8.8293652082485 0.945934399597921
21.8801058201058 25.3469841269841 9.69296250566748 20.7219586474305 1.31643289850598
22.7759259259259 21.1579894179894 9.43005205130366 17.3487220163284 1.23926999156629
20.5847619047619 24.8537037037037 9.14490782966352 20.9694211696378 1.3215885136433
19.2474074074074 27.8750264550265 8.88128376793436 11.6115697040031 1.06489467375204
18.6953968253968 27.9833862433862 8.60743768264561 11.3739389008472 1.05591470926821
16.9751322751323 29.4448148148148 8.3007057247439 3.83450458281138 0.58372058696639
16.5005291005291 23.6078835978836 8.00387968317409 13.6407824772166 1.13484246728441
14.851746031746 23.646455026455 7.69540917774883 12.3209865247936 1.09064900741574
16.39 30.8208994708995 7.43431690227613 48.577506137397 1.6864361093383
13.134708994709 28.6149206349206 7.16931556605968 2.03413016802962 0.308400090695777
13.0273544973545 24.7832275132275 6.93630903262389 13.7969772496924 1.13978709591081
12.0882010582011 28.6395767195767 6.66726442061326 7.09142921414282 0.850739896347025
11.3939682539683 30.370582010582 6.40570031894593 3.59197039788022 0.555344839440513
10.1305291005291 28.1548677248677 6.15045527999509 11.5779657687387 1.06363601223019
11.7968253968254 28.1229100529101 5.91356525058707 10.5799108046182 1.02448611121369
10.6937037037037 29.1173544973545 5.68321022796235 5.03872439191397 0.702329223021041
9.37661375661376 30.6275661375661 5.47738550333513 2.33008263284825 0.367389961081742
7.54375661375661 29.5347619047619 5.27664315594421 0.918785749171327 -0.0367384838141148
9.66989417989418 29.3530687830688 5.07133505618857 771.095760526137 2.8871083717081
7.52634920634921 33.9008465608466 4.87083114614037 2.25999930175373 0.354127521119197
6.76899470899471 31.675291005291 4.68567414142321 7.65435595805294 0.883914328566356
6.49798941798942 32.8605291005291 4.51517191445754 6.16631826567917 0.790032979410219
6.22328042328042 31.0902116402116 4.34482483421608 2.37551765741565 0.375776544627245
6.5931746031746 28.3566666666667 4.16244637474837 1.99605555355871 0.300194381350106
6.40333333333333 29.6317989417989 4.00809390793755 3.29848106588745 0.518327161763438
5.65835978835979 34.0612698412698 3.84865938620788 0.740186591682961 -0.130600116632707
6.65328042328042 29.0287830687831 3.6847410427937 9.49495843686519 0.977497641925063
5.65460317460318 31.8010052910053 3.51575063285407 1.79146941353314 0.253233639368113
6.47486772486773 27.9137037037037 3.37062166223849 1.54490815811929 0.188930776975633
4.60227513227513 30.6367195767196 3.21582193430341 0.9894286997646 -0.00457160522853579
5.38698412698413 30.8133333333333 3.09117866904343 1.24328810895279 0.0946067097098896
6.01878306878307 30.9410052910053 2.97563201032462 2.00420700797835 0.301964244969101
4.48751322751323 32.4731746031746 2.84415981924834 6.31528353994874 0.800399730857345
5.39195767195767 34.2014285714286 2.71834674851519 0.99614588825739 -0.00163345802826454
4.72582010582011 33.798835978836 2.59656701516789 0.64760161202696 -0.188625022054425
4.23084656084656 31.6425925925926 2.47854452243189 1.97135814027408 0.294787560186325
3.98597883597884 33.7261904761905 2.36328565526747 1.14664858580468 0.0594682132229427
4.62661375661376 32.9456084656085 2.2604252593157 1.53512089606412 0.186170872998638
4.24470899470899 33.7885714285714 2.15774629188667 0.937532394660101 -0.0279673964421457
3.9873544973545 32.3748148148148 2.05292635757735 0.650068122487313 -0.186974327622482
4.50994708994709 30.8091005291005 1.94138496360187 0.662820089242251 -0.178538819849784
4.36195767195767 32.8937566137566 1.82656406378825 33.344398198262 1.52302418610118
3.94973544973545 33.0473015873016 1.70851116290102 1.28896341158837 0.110274281686644
3.92497354497355 33.0168783068783 1.60358451049378 1.75263739156989 0.24371685166964
4.5573544973545 34.1755026455026 1.49185014144726 1.69143700195253 0.228281502312023
4.58100529100529 31.1451322751323 1.37822163001109 0.286842179905656 -0.542205606672731
4.02010582010582 38.3311111111111 1.25592678685655 0.188402195446619 -0.72468358728949
3.55195767195767 35.6927513227513 1.15121460654237 1.38929787802741 0.142826631258007
3.84798941798942 32.6371428571429 1.03436635933154 0.453006674355836 -0.343799540525381
8.41846560846561 28.9820634920635 0.923023419823596 0.706030489968449 -0.151115035723508
3.61878306878307 29.2078306878307 0.82503244925027 0.351205752080794 -0.454314739258652
3.97703703703704 31.5796296296296 0.722679229270558 2.29346427061403 0.360510914505907
3.3589417989418 32.8325925925926 0.621730823821232 0.470707105428035 -0.327156991400181
4.02460317460317 32.6833862433862 0.509624024728872 0.201123376481014 -0.696321567915397
3.51835978835979 30.7824338624339 0.398093779144857 1.94567033527105 0.289091577961799
3.51465608465608 31.587671957672 0.27071478342267 0.194414034271231 -0.711049058674164
3.60010582010582 32.2671957671958 0.137988441397634 0.488919114202663 -0.310674165353871
2.28925925925926 19.1280423280423 0.0219707562451187 9.96778280140603 0.998602923074939
0.542275132275133 1.88259259259259 0 15.883983189654 1.20096215292679
0.716560846560847 3.70449735449735 -1.19895193271417e-05 25.4437410007533 1.40558267299508
4.40544973544973 32.3246031746032 -0.0784763714689397 1.37102720437345 0.137077747710581
3.63222222222222 29.907037037037 -0.227152181799527 0.922133753430706 -0.0351589868005822
3.98513227513227 29.4553968253968 -0.38026588788845 0.798275498385921 -0.0977927997255351
3.42206349206349 34.8513756613757 -0.519136338033992 0.245233483588666 -0.610243174396939
3.61280423280423 31.6734920634921 -0.672163370033091 0.332793081618456 -0.477695230515156
3.42936507936508 35.272380952381 -0.852837802692177 0.24255965397628 -0.61500242602508
3.54031746031746 34.2396296296296 -1.04657527514053 1.96860198905661 0.294179980077407
3.48047619047619 30.6293650793651 -1.25791403417223 4.11203737633038 0.614067614933143
3.63116402116402 33.5071957671958 -1.47102756955247 1.24111894293923 0.0938483949746485
3.62984126984127 33.517671957672 -1.72317262141399 0.173407126149449 -0.760682683502344
3.63190476190476 32.0691005291005 -1.9954231974541 0.202895383236509 -0.692513839218356
3.72216931216931 32.4741798941799 -2.3177020284951 0.294325939109702 -0.53102393103305
3.40978835978836 31.6399470899471 -2.67224089509756 0.168233454828475 -0.773829563147632
3.50666666666667 32.8754497354497 -3.1699753619975 0.149470944462589 -0.825152763992497
5.99523809523809 32.6510052910053 -3.8859926276094 1.51447967281834 0.180292123859207
4.56248677248677 33.3777777777778 -5.08235150433346 22.4783360829483 1.3517660922986
5.35566137566138 32.4855555555555 -8.49547603326594 2.13239869872087 0.328888774827361
